29 9168 7418 8468 1468 9868 68 1818 8118 5668 2168 6718 768 5318 2868 7768 1118 7068 6018 6368 3568 418 4618 9518 4968 8818 3218 4268 3918 2518
29 1187 7487 487 3987 5387 837 9937 6437 2937 3637 4687 2237 5737 3287 1887 5037 1537 9587 8537 6087 9237 7137 137 4337 7837 8187 8887 2587 6787
29 2550 9200 8850 450 4650 3950 8500 7800 800 6750 5700 8150 7450 5350 5000 2900 3250 2200 6400 6050 100 1850 3600 9550 1500 9900 7100 1150 4300
28 2446 9446 3496 1746 4896 9096 8046 8746 2096 5596 6296 3146 3846 6646 4546 1046 7696 7346 6996 9796 8396 5246 346 2796 5946 4196 1396 696
28 4182 3832 6982 3482 682 2782 1032 332 4882 7682 2082 3132 8732 1382 6282 2432 1732 9432 8382 5932 5232 8032 9082 5582 7332 4532 9782 6632
28 6198 2698 598 5148 7598 1998 3398 5848 4098 7948 4448 2348 7248 5498 248 8998 6548 9348 8648 948 4798 9698 8298 6898 3048 1298 3748 1648
28 4433 8983 3383 1983 5483 3733 1283 3033 4083 5133 6183 933 5833 2683 7233 8283 9683 583 2333 9333 7933 8633 1633 4783 7583 6533 6883 233
29 9887 7787 3937 9537 7087 1487 3587 437 87 6037 5687 1837 2887 9187 8137 4637 1137 2187 7437 8837 6387 4987 5337 4287 3237 787 2537 8487 6737
29 5069 6819 8919 7519 8569 3669 9619 7869 5769 1219 4019 1919 169 6119 3319 5419 4719 6469 9269 1569 7169 2619 4369 2269 8219 2969 869 9969 519
29 5014 3264 2914 4314 5714 7464 6764 8864 7114 6414 9564 9214 2564 1164 6064 3964 7814 5364 1514 114 464 814 4664 3614 2214 8164 8514 1864 9914
28 3016 7566 4066 7216 4766 5116 6516 3716 8966 8266 216 6866 7916 8616 2316 916 2666 9666 6166 1616 5816 9316 1966 4416 566 1266 5466 3366
28 3425 3075 625 275 3775 1675 6925 1325 7625 5525 2375 975 5875 9725 8325 9375 2725 6225 5175 7275 4825 8675 4125 7975 4475 2025 9025 6575
28 6257 5557 4507 5207 2057 9407 1707 1007 4857 9057 3807 8007 4157 7307 2757 9757 6607 8707 2407 307 6957 657 1357 8357 7657 5907 3457 3107
29 5954 5604 4904 5254 8404 7704 9104 9804 4 9454 6304 8754 704 3854 4204 1754 1054 354 8054 4554 3154 7354 2454 2104 1404 6654 7004 2804 3504
29 9219 2569 3619 6419 5369 2919 1519 9919 6069 3269 4669 2219 1169 8519 8869 3969 7819 469 7469 5019 9569 8169 4319 5719 1869 6769 7119 119 819
28 9696 596 4796 7946 5846 3746 3396 4096 2346 1996 8646 5496 5146 4446 8296 7596 8996 3046 246 2696 1296 6896 6196 1646 7246 946 6546 9346
28 2368 9718 968 5868 2018 6218 5168 7268 1668 8668 8318 9368 6918 4818 3418 618 3068 4118 268 3768 6568 5518 1318 4468 7618 2718 7968 9018
28 7901 5801 551 3701 6151 4751 2301 7201 3001 901 8251 2651 4401 9651 5451 8601 6851 4051 201 1251 8951 6501 9301 5101 3351 1951 7551 1601
29 5959 9459 2459 4909 1059 7359 6309 1759 4559 7709 7009 359 9809 5259 709 9 1409 8759 8059 3509 4209 2109 6659 3859 8409 5609 2809 3159 9109
29 9155 405 1805 2855 6005 3205 3905 7405 7755 6705 9855 8455 55 4955 755 5655 1455 7055 6355 5305 4255 2505 1105 9505 8105 4605 3555 8805 2155
29 6791 1191 3991 5041 2241 9591 3291 9241 2591 1541 141 4341 841 8541 4691 8191 7491 3641 5741 7141 2941 5391 491 8891 1891 7841 9941 6441 6091
28 4189 8039 5939 7689 3139 2439 9439 3489 8389 689 4889 1039 6989 9089 1389 3839 339 5239 2089 7339 9789 8739 5589 6289 2789 1739 6639 4539
29 152 3302 502 2252 6102 6452 5052 9952 8552 4002 1552 5752 9252 6802 2602 1902 1202 8202 9602 8902 5402 7152 4702 852 4352 3652 7852 2952 7502
29 1573 523 7173 9273 3323 5423 873 6123 1923 173 6473 9973 8573 7873 5073 2973 1223 4723 8223 4373 5773 4023 8923 3673 9623 7523 6823 2273 2623
29 9284 534 8934 9984 4034 8234 8584 184 5784 4734 5084 5434 9634 1934 7884 2984 6484 3684 7184 6134 884 1584 1234 6834 2284 4384 2634 3334 7534
29 9141 2141 2841 1441 6341 3541 8791 9491 8441 4241 391 4941 3191 4591 5291 741 1091 3891 7041 6691 5641 8091 7391 2491 41 7741 9841 5991 1791
29 3873 2823 23 5973 8073 9123 4573 7723 8423 1423 373 4223 9823 6323 8773 1073 7023 2473 9473 7373 5623 3523 723 3173 6673 2123 4923 1773 5273
28 9037 5537 2037 6237 7637 4137 4487 5887 8687 987 9737 8337 3437 2387 9387 5187 4837 6937 3787 3087 1687 7987 7287 1337 2737 287 637 6587
28 6950 6600 6250 1700 7650 8000 3100 8700 5900 4500 1000 2050 5550 300 8350 9750 5200 7300 9050 9400 650 2750 4150 4850 3800 3450 2400 1350
28 8019 5919 3119 2069 4169 2769 319 8369 4519 4869 3819 5219 9769 1719 669 2419 9419 7669 8719 1019 3469 6619 9069 5569 1369 7319 6269 6969
29 8786 9136 4236 2836 736 9836 3536 3186 6686 2136 36 7036 1436 8436 3886 386 6336 5986 5636 8086 2486 7736 9486 1086 5286 1786 4936 7386 4586
29 8424 724 4574 1424 7724 3524 8074 5274 7024 7374 1074 2474 6674 2124 3174 5974 9824 1774 4924 3874 2824 5624 374 9124 6324 4224 9474 24 8774
28 7256 3756 7606 256 5156 6556 9356 606 956 5506 1306 9006 5856 4456 6206 2006 4106 3056 9706 1656 7956 4806 8656 2356 8306 3406 2706 6906
29 9151 2851 6001 3551 4951 3201 6351 7751 4251 9851 5301 7401 51 8801 6701 4601 9501 1451 751 2151 5651 1101 7051 401 8101 8451 2501 1801 3901
29 13 5613 2813 5263 8063 6313 3513 363 3863 5963 8413 2463 7363 1063 4213 1413 713 7013 1763 2113 4563 8763 9813 3163 7713 4913 9113 9463 6663
29 7883 7183 3333 2633 5783 8933 5433 883 2983 3683 1233 9983 4383 5083 1933 6483 533 9283 2283 183 4033 8233 1583 4733 9633 6833 8583 7533 6133
29 2209 9559 3259 7109 4309 9909 6409 2909 8859 8159 7459 109 8509 7809 3609 9209 6759 1159 1859 459 5709 809 5009 5359 2559 6059 1509 3959 4659
29 6424 474 9224 5724 1174 2574 8874 2924 7824 1524 5024 3974 7124 2224 8524 3624 9574 4324 6774 1874 8174 9924 3274 6074 4674 5374 7474 824 124
28 9443 7343 2793 4543 343 6643 4193 7693 9093 9793 6993 693 5943 4893 1743 1043 3843 2443 5243 8393 6293 3493 8043 2093 1393 5593 8743 3143
29 2995 6845 8595 7545 1595 2295 1245 4395 4745 8245 7195 545 6145 3695 4045 2645 895 5095 9295 1945 7895 195 5445 5795 6495 3345 9645 8945 9995
29 156 5756 3656 1556 4006 9606 9956 3306 8906 4356 5406 8206 1206 6456 2606 9256 2256 6106 5056 1906 4706 7506 506 8556 856 7156 7856 2956 6806
29 9988 1938 6488 9288 188 1588 7538 1238 888 4388 8588 8238 6138 7188 5438 8938 7888 4738 538 2988 5788 9638 3338 5088 3688 4038 2638 6838 2288
29 719 1769 6669 3169 6319 3519 2469 4219 7719 5619 7369 5969 1419 1069 8769 4919 369 9119 3869 9469 8419 19 8069 4569 9819 7019 2819 2119 5269
29 45 9145 395 5645 7395 2145 8445 1795 1095 745 9495 3195 7045 7745 3545 4945 2495 9845 6345 2845 8095 3895 5295 6695 4595 8795 4245 5995 1445
29 3592 6042 6392 1492 1842 8492 7442 3242 792 9892 4642 2542 2892 4292 92 4992 7792 8142 8842 3942 1142 6742 5692 2192 7092 5342 442 9542 9192
28 6933 7633 9033 5883 3783 5183 9733 4483 6233 1683 4833 5533 7983 2033 633 8333 3433 4133 7283 2733 6583 2383 983 1333 3083 9383 283 8683
28 7674 7324 8724 1024 5574 5224 2774 674 4524 6274 4874 4174 1724 3124 2424 6624 9424 5924 324 3824 2074 1374 9074 9774 8024 8374 3474 6974
29 7851 9601 8551 4701 9951 9251 5751 7151 4001 5051 8201 851 3651 5401 2601 8901 4351 2251 6451 3301 2951 1201 1901 151 6801 6101 7501 501 1551
28 577 4077 8977 227 3027 5127 4777 6177 8277 2677 7227 7927 927 9327 8627 9677 3377 5477 5827 1977 2327 6877 6527 4427 1277 3727 1627 7577
28 9738 2038 9038 7638 288 5188 7988 2738 1688 6238 7288 8338 4488 8688 4838 6938 3088 1338 3788 5888 988 3438 5538 4138 638 9388 2388 6588
29 2156 9506 2506 9856 7406 3556 8106 7056 5306 406 6006 6706 1456 56 756 9156 1806 4606 8806 5656 3206 8456 2856 6356 3906 4256 1106 4956 7756
28 3815 2765 1365 6265 665 1715 4165 8365 6615 3465 9415 2415 4515 8015 5565 6965 4865 3115 315 7665 2065 9065 5215 1015 9765 5915 8715 7315
29 7427 6027 4627 6727 7777 1127 1477 8477 5327 2877 777 7077 9177 4277 9877 2527 3927 8827 1827 8127 3577 2177 5677 77 427 6377 9527 4977 3227
28 3060 1660 5160 9360 3410 6910 5860 610 2710 7960 5510 1310 4110 7610 6210 4460 9010 2010 8310 260 4810 6560 2360 9710 8660 3760 7260 960
29 8078 3878 8778 9128 7728 7028 3528 6328 5278 4578 5978 7378 5628 2128 6678 4928 3178 28 1078 728 8428 2478 4228 1428 2828 9828 378 1778 9478
28 5465 4065 1965 4765 915 5815 5115 4415 8615 215 9665 9315 7915 3715 565 6515 2315 1265 2665 3365 6165 7565 8965 3015 1615 8265 6865 7215
29 2263 6463 2963 6113 9263 9963 1913 163 8913 513 7513 2613 7163 5763 4363 3313 5413 8213 7863 6813 5063 4713 863 1213 8563 1563 4013 9613 3663
29 528 7528 6128 7878 3678 878 4728 1228 4028 9628 5428 9278 178 8578 2278 4378 1578 5778 5078 2628 2978 6478 9978 6828 3328 8228 8928 1928 7178
28 7320 4170 4870 6970 6620 2770 320 5570 670 1370 1020 7670 4520 9420 8020 5220 3470 8370 3820 8720 2070 9070 1720 2420 5920 6270 3120 9770
28 4760 4060 910 5460 1260 7910 9310 2310 9660 6160 1610 6860 8260 560 1960 7560 6510 3360 4410 3010 210 8610 8960 5810 7210 2660 5110 3710
28 602 4802 9352 9702 952 2352 7952 6902 1302 4452 252 5502 8652 3402 6552 5852 9002 5152 1652 2702 3052 4102 2002 7252 8302 7602 3752 6202
29 2205 1505 5005 1855 2555 4655 5705 7105 5355 7455 8505 3955 8855 805 3605 8155 4305 3255 1155 9205 2905 9905 455 105 6755 7805 9555 6055 6405
28 3387 7937 5837 2337 2687 3037 5137 7237 237 6187 7587 5487 4787 3737 9337 1987 8287 6887 1287 8637 8987 4437 587 9687 937 6537 1637 4087
29 820 5370 6770 8170 8870 7120 1520 2570 3620 5020 2920 9220 1870 5720 1170 2220 9570 9920 4670 6070 3270 6420 8520 4320 3970 120 7470 7820 470
28 9447 9797 5247 9097 3847 7347 2797 5597 2097 8047 6997 1747 3147 4547 5947 1047 2447 347 8397 6297 3497 8747 4197 4897 7697 6647 1397 697
29 3233 1833 8833 5333 4983 1133 5683 9183 9533 8483 9883 2183 83 6033 1483 4633 8133 7433 7783 7083 6383 3933 433 4283 6733 783 2883 2533 3583
29 6096 5046 8546 9246 8896 846 1896 6796 1196 7496 6446 5396 2946 4696 7846 3646 7146 5746 8196 9596 2246 2596 9946 3296 146 3996 1546 4346 496
28 6229 5529 7979 7279 629 979 3079 8679 3429 7629 1679 5879 1329 9029 4829 8329 9729 4129 2379 2029 5179 279 9379 2729 6579 6929 4479 3779
29 4960 7760 4260 3210 3560 7060 5310 2860 60 6710 760 8460 1810 1460 6010 9160 4610 7410 410 1110 2160 3910 5660 8810 8110 2510 6360 9860 9510
28 9670 570 3720 6520 220 8970 8620 1620 2320 3020 4420 5820 920 3370 6170 7570 4070 1970 4770 6870 7920 5120 7220 9320 1270 8270 2670 5470
28 9392 9742 7642 9042 2042 3442 7992 6242 5542 1342 1692 5192 642 292 4492 7292 4842 992 8692 2742 3792 4142 5892 8342 6592 2392 3092 6942
29 6781 9581 1531 5031 7481 3281 9231 2931 7131 3631 3981 831 7831 9931 2581 5731 131 2231 481 8181 6081 8881 8531 5381 4681 6431 1181 1881 4331
29 9888 9538 3238 1138 8488 6738 2538 4638 4988 2188 6388 4288 1838 7088 1488 2888 7438 5688 8138 438 5338 8838 88 3588 3938 7788 788 9188 6038
29 7132 482 3632 7482 132 8532 2232 1882 8182 1532 5382 1182 3982 832 6082 5732 8882 4332 9232 6432 7832 3282 2932 6782 9582 4682 5032 2582 9932
29 9215 3265 7115 6765 1515 9915 1165 8865 1865 9565 4315 465 7815 4665 115 5015 815 3615 3965 5715 7465 8515 6415 8165 2915 5365 2215 2565 6065
28 3042 9692 5492 4442 8992 8292 7592 8642 4792 5142 7942 3742 3392 1292 4092 6192 7242 1642 6892 2342 5842 2692 1992 242 942 9342 6542 592
29 8400 350 3150 4200 8050 1750 0 2450 4550 6300 3500 4900 3850 2100 7000 5600 9800 2800 700 7700 1050 7350 1400 5250 9450 5950 8750 9100 6650
28 4114 9014 9714 6214 3064 3764 964 7614 5514 6914 2014 1314 264 1664 4814 2714 2364 7964 3414 5164 4464 8664 614 9364 5864 6564 8314 7264
28 6261 1711 6961 3811 9761 8711 311 5911 2061 7661 1011 4511 4161 9411 2761 3461 6611 2411 4861 8361 7311 9061 661 3111 1361 8011 5561 5211
29 5673 773 1123 2873 7773 73 3573 5323 4273 8123 9173 7423 3923 4623 2173 1823 6023 8473 6373 3223 423 6723 7073 9523 8823 4973 2523 1473 9873
28 5455 7205 6155 3005 2305 555 5105 4055 8605 9655 3705 8255 905 1955 6505 4405 1605 6855 4755 9305 7905 2655 8955 5805 3355 205 1255 7555
28 4506 306 6956 656 9756 5206 8356 2756 4156 8006 9406 5556 6606 6256 9056 4856 5906 3456 3806 2056 1706 7656 1006 1356 8706 7306 3106 2406
28 4141 1691 291 9391 3091 2391 7291 3791 991 8691 6941 6591 3441 8341 5191 2741 5541 1341 5891 4491 6241 7991 641 9041 4841 2041 7641 9741
28 5482 5832 2332 8282 7232 4082 232 1282 4432 4782 9332 6882 6182 2682 3382 5132 8982 7932 1632 7582 3732 3032 9682 1982 8632 932 6532 582
29 3155 2805 5955 3505 6655 3855 5 1055 4205 8055 7355 8755 1405 7005 9455 4555 355 705 5605 9105 1755 2455 8405 4905 7705 9805 6305 2105 5255
28 6197 5147 6897 4447 4797 8297 6547 7597 597 1647 5497 5847 7247 947 3747 3047 2697 247 8997 3397 2347 1297 8647 1997 9347 9697 4097 7947
29 7759 9159 1109 3209 4259 1809 6359 409 5659 2509 7409 59 5309 7059 1459 2859 8109 6009 4609 9509 759 8459 8809 2159 9859 3559 4959 3909 6709
29 816 8166 2916 6416 7116 3266 6766 466 5366 1516 7816 7466 1166 4316 116 9216 5716 1866 3616 2216 8866 9566 3966 6066 2566 5016 4666 8516 9916
28 4119 4469 8669 7969 9019 9719 6919 3069 619 5169 1319 5869 2019 2369 5519 4819 8319 3419 6219 7269 269 9369 7619 1669 6569 3769 2719 969
29 1134 4634 5334 8134 9884 7084 434 784 8834 9184 3934 3234 7784 84 2184 4284 3584 2534 6384 9534 6734 6034 7434 5684 2884 1834 4984 8484 1484
28 3350 8950 6150 4400 4050 1250 1600 8250 6500 200 550 5100 9300 5450 3700 5800 2300 7200 4750 6850 1950 2650 7550 3000 8600 7900 9650 900
28 7569 8969 4769 7219 9669 6869 919 1969 6519 3019 4069 219 1269 5119 569 7919 8269 2319 1619 5469 9319 2669 5819 3369 6169 3719 8619 4419
29 8851 3951 2201 5351 1151 5701 3251 2551 101 5001 9551 801 9901 4301 6401 7451 1501 4651 7101 9201 6751 3601 8501 451 7801 8151 1851 2901 6051
28 333 8033 5233 8383 5583 3833 8733 6983 6283 4183 2433 2083 4533 683 4883 1383 1033 7333 9083 9783 1733 5933 3133 9433 3483 7683 6633 2783
28 4501 4151 9751 2051 8701 2401 5901 5201 8001 7651 301 9051 1701 6951 6601 3801 4851 1351 9401 7301 2751 6251 651 3451 3101 5551 1001 8351
28 7609 1659 7259 2359 4809 6559 5159 2009 8309 5509 1309 8659 609 259 3759 9359 4109 3409 9709 7959 9009 959 6909 6209 4459 2709 5859 3059
28 2098 1048 698 7698 1398 5598 8398 9798 4898 6648 6298 9448 6998 9098 2798 5248 1748 348 8048 4198 8748 3498 3848 2448 3148 5948 4548 7348
29 3877 377 27 3177 6677 4227 9477 1777 2477 4577 5277 1427 7727 9127 7377 5627 7027 5977 2827 2127 727 1077 8427 8777 4927 3527 6327 8077 9827
29 3187 6687 1437 4937 2137 4587 1787 3537 5637 3887 7037 7387 8437 387 6337 8787 2837 8087 7737 5287 9487 1087 9137 37 737 2487 4237 9837 5987
29 159 1909 3659 6459 4009 2609 5759 5059 6809 7509 9959 7859 9609 5409 7159 2259 4359 4709 8209 6109 9259 3309 859 1209 509 8559 2959 1559 8909
28 8346 2396 2746 5896 996 7296 3446 3096 4146 5546 4496 1346 9046 6946 646 4846 9396 7646 9746 1696 296 2046 5196 3796 7996 6596 8696 6246
29 5669 3919 2169 69 7769 2519 4969 6369 8469 7419 6719 2869 7069 1819 1469 9169 8119 3569 4269 6019 9519 5319 3219 1119 4619 769 9869 8819 419
29 191 7191 1241 4391 7891 541 7541 3341 5791 5441 8591 6841 1941 1591 9641 2641 4041 3691 5091 2991 4741 9291 6141 8241 891 9991 8941 2291 6491
28 5524 4474 8324 4824 2024 7974 1674 974 3774 4124 6574 6224 5874 2724 9024 274 6924 5174 7624 8674 1324 7274 9374 2374 3424 624 3074 9724
29 2820 7720 9820 9470 7020 9120 1770 3170 3520 1420 2470 720 2120 7370 6670 1070 5270 4570 8420 370 5620 4220 4920 8770 20 8070 5970 6320 3870
29 7136 3636 2586 1186 9236 2236 9936 6436 5036 3986 3286 8536 8886 6786 1536 7836 1886 8186 4686 136 4336 7486 6086 5386 486 9586 5736 836 2936
29 7864 2614 6464 8564 164 8914 8214 5064 1564 9964 6814 1214 3314 6114 1914 9264 514 7514 9614 864 5414 2964 5764 2264 7164 3664 4714 4364 4014
29 9832 7382 8432 2482 5632 3182 3882 2832 2132 3532 1082 7032 9482 4582 5282 32 382 5982 4232 8082 7732 6682 1432 4932 9132 1782 732 8782 6332
29 9191 8141 1141 2191 1491 9891 8841 791 91 7441 2541 4641 7091 2891 3241 5691 3941 6741 8491 4991 9541 6391 3591 5341 1841 441 7791 4291 6041
28 4078 9328 928 5128 1278 9678 5478 8628 7928 4428 5828 228 6178 8278 6878 3028 7578 3378 3728 6528 4778 1628 7228 1978 2328 578 8978 2678
28 9351 601 4801 2351 7251 3051 5151 2701 8651 6551 2001 1301 5501 4101 3401 4451 9701 3751 8301 7601 6201 251 9001 6901 7951 951 5851 1651
29 8946 2996 8246 9646 896 4046 3696 3346 5796 5446 7896 4396 2646 546 5096 9996 6846 7196 7546 6146 1246 4746 196 8596 6496 9296 1946 2296 1596
29 2864 3914 8464 9864 4264 6364 5314 5664 8814 1114 4614 6714 64 414 7064 2164 3564 1814 9514 3214 2514 9164 1464 7764 764 8114 6014 4964 7414
29 1846 7096 446 4996 6046 5696 6746 9546 3246 1146 2546 5346 9196 96 1496 6396 3596 9896 8496 7446 2196 4296 2896 3946 4646 8146 8846 796 7796
28 7678 4878 3128 328 9428 6278 678 5228 9078 6978 1028 8728 2078 5578 4178 7328 2428 3828 8378 8028 6628 4528 3478 2778 1728 1378 9778 5928
28 4523 3123 6623 7323 9073 6973 9773 1373 5223 8723 323 1723 1023 4873 673 8373 7673 5573 8023 3473 5923 2073 2773 4173 3823 6273 9423 2423
28 2734 7984 2384 6234 5534 9384 4834 4134 6584 3784 7284 3434 8334 984 2034 9734 5884 8684 1684 7634 1334 6934 284 4484 5184 3084 9034 634
28 4773 3373 8273 2323 2673 6523 8623 223 4423 6873 3723 9673 9323 1973 1623 5123 923 8973 7573 1273 4073 3023 7923 573 7223 6173 5473 5823
28 666 2766 8366 4166 5566 9416 1016 6966 6616 5916 7316 2066 2416 9066 1366 8016 3466 8716 316 7666 1716 9766 3816 6266 5216 4516 4866 3116
29 7855 8205 1205 4005 4355 9955 6105 1555 2955 5055 2255 5405 855 1905 7155 505 5755 2605 155 6805 9605 6455 8905 3655 4705 7505 8555 3305 9255
29 1408 7708 5608 7358 1758 5258 6658 3858 9808 3158 358 3508 2808 9458 2108 5958 8758 1058 8 2458 4208 4558 708 8408 9108 4908 8058 6308 7008
29 187 1587 8237 8937 2637 4387 9287 6137 6837 2287 4737 887 8587 6487 3337 5087 5437 2987 9637 3687 1237 1937 5787 9987 7537 4037 7187 537 7887
29 3902 2152 7402 7752 4252 402 5302 1802 9502 2502 4952 2852 6352 1102 4602 1452 5652 9852 52 3552 8452 8102 6702 752 8802 7052 6002 9152 3202
29 1568 8568 9268 4018 4718 3318 5068 1218 168 868 5768 9618 4368 1918 7168 6468 6118 7868 2618 6818 7518 8218 3668 2268 8918 9968 2968 5418 518
29 6440 5740 9940 3640 2940 8890 8540 6790 1890 9590 7840 5390 9240 2590 3290 140 4340 8190 5040 840 490 1190 2240 7140 3990 7490 1540 4690 6090
29 8858 5008 3258 108 7458 2908 2558 3608 1158 9908 7108 4658 6758 1858 8158 7808 6058 5708 2208 458 4308 8508 5358 808 6408 9208 3958 9558 1508
28 327 1377 3827 8027 2777 9777 7327 8727 8377 6277 4527 3127 3477 2077 4177 5577 6977 9427 9077 5927 2427 4877 7677 677 1727 1027 5227 6627
28 4805 2005 5855 4455 3405 605 3755 7605 6205 8655 7955 3055 2355 2705 9355 5505 955 6905 255 6555 9005 7255 5155 4105 1305 9705 8305 1655
29 2223 6423 8523 2573 6073 3623 473 4323 4673 9223 8873 5023 7473 3273 6773 123 2923 1873 9923 5373 1173 7823 1523 3973 8173 823 9573 7123 5723
28 7574 8624 2674 6874 9324 3724 8274 8974 5474 4774 5124 924 6174 4074 7924 2324 4424 9674 1624 1274 5824 7224 3374 1974 574 3024 6524 224
28 5588 6638 688 1038 5938 338 7338 2788 4888 5238 3488 8038 4538 6288 9088 1388 8738 2438 8388 3838 9788 2088 6988 3138 9438 1738 7688 4188
29 1826 7426 5326 2876 2526 4976 8476 2176 9526 7776 7076 76 1126 3926 8826 6026 4276 9876 6726 6376 3576 776 5676 1476 4626 8126 9176 426 3226
29 1942 4392 9992 8592 2992 2642 1592 1242 5442 3692 8942 9292 8242 6492 2292 4742 3342 542 7892 5792 4042 892 7542 7192 192 9642 5092 6842 6142
28 8961 3361 5461 8261 1961 7561 3711 5811 911 8611 9311 3011 1261 4761 6861 211 1611 5111 7211 9661 4061 4411 2311 6161 561 2661 7911 6511
29 445 5345 2195 795 6395 9545 8145 4295 1145 95 5695 7795 1495 4645 6045 1845 8495 3945 3245 9195 7095 7445 2545 8845 6745 4995 2895 3595 9895
29 1572 3322 6822 2622 4722 1222 9272 7872 8572 9622 5772 6472 7522 8222 872 522 5072 7172 3672 2972 5422 4372 2272 6122 4022 1922 9972 8922 172
29 5262 1062 5612 9462 1412 6312 4562 9812 4212 7712 5962 8762 7012 3512 2462 3162 2112 6662 3862 712 4912 2812 9112 1762 12 8062 7362 8412 362
29 6428 7828 3628 128 6778 2228 3278 2578 1178 8178 8528 5028 2928 8878 9228 3978 5378 4328 6078 478 9928 9578 1528 828 7128 5728 1878 7478 4678
29 3190 6340 8090 8440 40 2140 5990 740 2840 8790 1440 7390 6690 5290 9490 7740 4240 9140 3890 5640 7040 2490 1090 9840 1790 390 4590 4940 3540
29 7833 5383 8183 2583 2933 9933 3283 9583 2233 7483 1883 833 9233 133 8883 3983 6433 6083 5733 7133 483 4333 1183 8533 6783 4683 1533 3633 5033
29 3922 1472 9872 8472 9522 1822 422 4622 9172 4272 8122 5322 2522 7072 2872 1122 5672 3222 772 72 8822 4972 2172 6372 3572 6022 6722 7772 7422
29 8177 9227 477 5377 4327 4677 6427 8877 3277 2577 5027 5727 2227 7127 6777 827 7827 3627 3977 1527 1877 6077 8527 2927 7477 127 9927 1177 9577
28 3492 2442 6992 5942 4192 6292 1042 8042 9442 4542 5592 9092 4892 1742 2092 9792 7692 1392 5242 2792 3142 342 6642 8742 7342 692 3842 8392
28 586 9336 5136 8286 4436 3036 236 6186 1986 2686 7586 1636 7236 1286 4086 4786 3736 6886 6536 2336 9686 8986 936 5836 5486 7936 3386 8636
29 8854 5354 804 8504 2554 6754 3954 4304 1854 3604 8154 9554 5704 3254 7104 2204 1504 4654 6054 454 104 5004 7454 7804 2904 9904 6404 9204 1154
28 6543 2693 2343 593 1293 8293 4093 243 943 8993 5843 1643 7243 3743 6893 4443 3393 3043 5493 8643 7943 9693 6193 5143 4793 7593 9343 1993
29 701 1751 3501 1051 7351 8751 5251 3851 2101 2801 3151 9451 5601 4201 5951 6651 7701 7001 1401 4551 8051 8401 1 9801 351 9101 6301 4901 2451
28 4115 8315 3765 2365 5865 2715 6215 4465 615 8665 3415 9365 3065 6915 965 7265 7615 2015 4815 6565 5165 9715 5515 7965 9015 1665 265 1315
28 5454 3704 6154 4754 554 9304 2304 6504 1604 8954 6854 204 2654 9654 7554 8604 8254 5804 5104 904 3004 4054 4404 7904 7204 1254 3354 1954
28 660 6610 8710 3460 5910 5210 2410 7660 1360 9760 3110 2760 310 4160 9060 7310 2060 1710 4860 8010 4510 6260 5560 1010 6960 8360 9410 3810
28 7297 6597 5197 9747 9397 2747 8697 5547 4497 3797 997 8347 2397 4147 9047 297 2047 4847 6247 3097 3447 1347 7647 7997 1697 6947 5897 647
29 2265 3665 8565 2965 4715 6815 515 7865 4015 8215 3315 1215 1915 865 6115 8915 2615 4365 7515 5415 1565 9965 165 9265 6465 5765 9615 7165 5065
29 4581 3181 7031 9131 8781 8431 6681 7381 3881 9831 4231 6331 1081 4931 1431 5281 381 1781 5631 2131 2831 5981 8081 731 31 7731 2481 9481 3531
29 3883 3183 6683 3533 8083 7383 4933 33 9133 1433 383 8783 1083 5983 9833 2833 4583 7033 1783 733 9483 7733 2133 6333 4233 5283 8433 2483 5633
29 8547 1197 4697 7147 147 1547 3297 3997 8897 3647 2247 1897 2947 6097 5397 7847 9247 9597 847 5047 7497 2597 6797 8197 9947 6447 497 5747 4347
28 7613 2713 3763 6563 2013 8663 5863 5163 9363 6213 4813 3063 4113 263 613 8313 7963 6913 3413 1663 7263 9013 2363 4463 963 9713 5513 1313
29 4944 7394 7744 2144 1794 9494 3544 6344 8794 3194 1444 394 8094 9844 5994 3894 1094 7044 4244 744 8444 9144 6694 5294 44 2844 4594 5644 2494
29 3660 9960 1560 4710 1210 8910 5760 2960 9260 2260 6460 2610 3310 510 7860 8560 8210 4010 6110 1910 5060 7510 7160 160 9610 4360 860 6810 5410
28 2378 6578 8678 5528 6928 9378 4828 8328 4478 7278 2728 5878 3078 2028 9728 3778 628 6228 4128 278 7628 3428 9028 1328 978 1678 5178 7978
29 2863 1813 2163 1113 6363 5313 8463 4263 413 2513 8813 3563 7763 3213 9513 8113 763 1463 5663 4613 6713 7413 6013 9863 4963 3913 9163 7063 63
29 1579 8579 7179 7529 3679 879 9629 2279 1229 5079 5429 2629 9979 529 4379 1929 6829 6129 9279 2979 3329 7879 179 4029 8229 4729 8929 5779 6479
28 295 7995 6245 5195 6595 5545 5895 7295 2395 4495 9745 2745 9395 4145 995 7645 1695 3795 3095 8345 6945 4845 645 2045 3445 8695 9045 1345
29 5266 3516 5966 1066 16 3866 9816 8766 7016 4566 6666 3166 2116 9116 9466 8066 1416 2466 716 5616 7366 7716 2816 4216 366 6316 8416 4916 1766
29 7148 9248 498 1198 1898 5748 4348 848 3648 1548 3298 2948 6098 5048 6448 9598 7848 8198 2598 148 7498 9948 3998 2248 5398 6798 4698 8548 8898
29 175 7175 1925 6475 1575 9625 8575 6125 9975 4025 3675 5425 525 7875 7525 4375 8925 5075 5775 1225 2975 3325 2625 875 4725 9275 6825 2275 8225
29 8590 4390 1590 540 2640 7890 9640 190 9990 5090 3340 7190 4040 5440 9290 5790 2290 4740 1240 6140 3690 1940 890 6840 8940 2990 6490 8240 7540
29 3171 6671 1421 721 7721 8421 9121 4221 3871 21 4921 9821 2121 1771 6321 5971 2821 9471 5271 8071 2471 3521 4571 1071 7371 5621 371 8771 7021
29 1093 393 8093 43 7393 743 8793 2843 5293 7743 4243 6693 3543 3893 5993 7043 4943 5643 3193 6343 9493 9843 1443 4593 9143 2143 2493 8443 1793
28 5535 5185 6935 9385 9735 7985 3785 2735 9035 8335 6585 3435 4835 635 3085 985 285 7635 7285 1335 2035 4485 8685 1685 2385 6235 4135 5885
28 3440 9740 3090 1340 290 4140 6590 2040 7990 5890 2390 7290 9390 5540 9040 2740 6940 3790 7640 8340 5190 8690 640 4490 4840 990 6240 1690
29 1808 9858 2858 5658 5308 8108 408 7408 3558 2158 8458 6708 4958 3908 8808 9158 58 1458 7058 4258 2508 758 7758 9508 1108 4608 3208 6358 6008
29 817 6767 3267 7467 7117 117 1167 8517 2917 9917 1867 4667 5367 9217 4317 1517 8867 9567 6417 3967 6067 3617 5017 2567 467 7817 5717 8167 2217
28 4830 280 1330 4480 7980 6580 630 9380 3430 3780 980 6230 8680 1680 5530 8330 2030 4130 2730 6930 7630 5880 9730 5180 7280 9030 2380 3080
28 3353 4753 553 4053 7203 3703 1253 1603 2303 8603 203 8253 5803 9303 3003 903 2653 9653 6853 5103 1953 4403 6503 6153 8953 7553 7903 5453
28 4808 4458 2358 9708 5508 3058 258 7958 6908 7258 9008 6208 1308 958 2708 3408 608 6558 5858 1658 8308 4108 5158 8658 2008 3758 9358 7608
29 9826 726 26 7026 4926 1776 2126 1076 6676 8076 3176 5976 9126 2826 8426 376 4226 6326 1426 5626 3526 2476 7376 9476 5276 8776 7726 3876 4576
29 2870 6720 8120 9520 8820 5670 420 1120 9870 70 2520 3220 3920 4970 6020 7070 7420 6370 770 4620 4270 9170 1470 7770 2170 1820 8470 3570 5320
29 9111 3511 7011 9811 7361 9461 1411 5611 2811 1761 8761 361 2111 4911 4211 5961 2461 3861 8411 11 6661 1061 7711 5261 8061 6311 4561 3161 711
29 8103 8453 5653 3903 6003 53 6703 5303 3203 2853 4953 9853 9153 753 7753 3553 2153 403 4603 1103 1453 7053 6353 1803 7403 4253 2503 9503 8803
28 7662 1712 3462 6262 5912 8012 2762 662 9762 1012 2062 9412 2412 6612 7312 3812 4862 8362 6962 5212 4162 9062 1362 312 3112 8712 4512 5562
29 493 9243 1893 8543 6093 3643 8193 9943 6793 1193 2243 2943 9593 4343 143 7493 2593 4693 3293 5393 7143 6443 5043 5743 1543 843 3993 8893 7843
29 3198 9498 5298 3898 1448 4248 6348 4948 8798 7748 9848 1098 3548 5998 2148 8448 4598 48 6698 5648 398 7398 8098 748 7048 2498 9148 1798 2848
28 1734 5934 6284 684 6634 9084 3484 5584 7334 8734 334 1034 3134 3834 9434 8384 8034 4534 7684 6984 1384 2784 5234 2434 4884 4184 2084 9784
28 6885 5835 2335 7235 1285 9685 3385 3735 1985 8285 6535 4785 6185 4435 3035 7935 2685 5135 585 5485 7585 4085 935 8635 9335 8985 235 1635
29 6130 9980 3680 7180 4030 4730 7880 530 2280 3330 5080 9280 9630 180 8230 1230 8580 8930 7530 880 1930 1580 5430 4380 5780 6830 6480 2630 2980
28 8399 3149 8049 7699 1049 5949 6299 7349 2799 1749 6999 5249 3849 4199 4549 3499 6649 2449 4899 9449 699 349 5599 8749 9099 2099 1399 9799
29 3235 8835 1835 2535 785 435 1485 9885 6385 7785 4985 6735 3585 9185 1135 8135 2185 6035 5335 4285 3935 7085 8485 2885 9535 5685 7435 4635 85
29 6808 1558 158 9258 7158 5058 2258 2608 4358 1908 8558 858 8908 5758 508 8208 2958 6458 3658 6108 1208 9608 5408 4008 7508 7858 3308 4708 9958
29 2636 7186 8586 9286 9636 4386 8936 5086 5436 1236 9986 4736 2286 3336 7536 886 2986 3686 6486 1936 6836 5786 536 1586 4036 186 6136 8236 7886
29 5771 7871 2971 9621 3671 171 5071 871 521 4021 3321 6471 4371 7171 1221 1571 8221 8571 8921 2271 5421 9271 2621 4721 7521 6821 9971 6121 1921
29 4662 1512 6062 1862 3612 462 2212 8162 2912 2562 5012 7812 7462 6412 9562 3262 8862 8512 7112 4312 112 812 5362 1162 9912 3962 6762 5712 9212
28 4768 7918 4068 6168 6868 8968 3018 2318 5818 1618 5118 3368 918 1968 568 9668 6518 7218 3718 5468 9318 218 8268 1268 2668 7568 4418 8618
28 3423 4473 273 4123 8673 5523 2373 4823 7623 7973 623 3073 6223 1673 7273 2723 3773 2023 6923 9373 5873 8323 5173 6573 9023 9723 1323 973
29 7080 9180 4980 1130 8130 6030 780 5680 7430 80 9880 4630 430 5330 1830 4280 6380 8480 9530 1480 7780 2880 2180 3230 3930 8830 3580 2530 6730
28 929 7229 6879 7929 5129 7579 229 5829 9329 2679 4079 3379 8279 4779 5479 4429 3029 6529 579 1979 3729 1279 8979 9679 1629 2329 6179 8629
29 5325 1125 8125 3575 5675 9175 3225 4975 2525 425 2175 3925 1825 6025 6375 8475 7075 775 9525 6725 7425 9875 8825 1475 2875 7775 4625 75 4275
29 9106 7006 8406 3856 1756 9806 706 2106 8756 9456 7356 356 3156 3506 7706 4906 1056 1406 5606 5956 6306 2806 8056 4206 6 5256 4556 2456 6656
28 8644 4794 3044 7244 3744 1644 5144 1994 7944 4444 594 8294 9694 1294 6544 9344 4094 244 2344 3394 6894 5494 944 6194 7594 2694 8994 5844
28 3117 1717 2417 9417 8017 5917 8717 667 2767 7667 4867 6267 7317 9067 3817 4167 6617 5567 8367 6967 317 5217 1017 4517 2067 9767 3467 1367
29 9488 1788 4238 8438 738 2138 2838 4938 4588 7038 38 7388 6338 3888 388 1088 2488 5288 1438 3538 8088 8788 6688 7738 9838 3188 5988 5638 9138
29 3247 6747 7097 4997 4647 8147 2547 2897 5347 1147 1847 9547 9197 8497 8847 7447 97 9897 5697 7797 3597 797 6047 1497 3947 2197 4297 6397 447
28 4852 5552 3452 9052 2752 4152 9752 3802 2052 6252 1002 8352 1352 5202 3102 8702 302 1702 2402 7302 5902 9402 6602 652 8002 4502 6952 7652
28 6570 1670 5520 970 8320 5170 3420 3770 620 9720 2370 2020 1320 2720 9370 7620 4120 270 6220 4470 3070 9020 6920 7970 4820 5870 7270 8670
28 6507 207 8607 4057 4757 6857 3707 1257 8257 8957 5457 907 2657 7557 557 2307 3007 3357 5807 9657 4407 1957 1607 6157 7907 9307 7207 5107
28 8044 8394 5944 6294 7694 3844 5244 6994 2794 4194 3144 4544 3494 1044 1744 7344 6644 9794 5594 4894 1394 344 2094 2444 9094 8744 9444 694
29 102 8502 2202 8152 9202 6402 1152 4302 6752 2552 4652 1852 452 7802 5352 9902 9552 7102 802 3602 1502 3252 7452 8852 5702 6052 2902 5002 3952
28 2772 4172 8372 9772 3122 6622 8022 5222 7672 9072 322 8722 6272 4522 3822 5572 672 1722 5922 1372 2072 2422 6972 4872 9422 1022 7322 3472
29 1539 9589 839 2239 489 7489 9939 5739 3989 1189 8889 1889 8189 4689 2589 2939 6439 3639 5389 6789 9239 139 6089 7139 5039 3289 7839 8539 4339
28 9662 5462 5112 1612 6162 8262 3362 4062 6862 1262 1962 9312 7212 2312 7912 6512 912 2662 3012 562 8612 7562 8962 3712 5812 4412 4762 212
29 3590 9890 3240 90 2890 1140 9190 7790 9540 8840 4640 6740 790 4990 4290 1490 8140 2540 8490 1840 440 5340 2190 7440 6040 3940 7090 6390 5690
29 1465 9515 9165 7065 5315 3215 7765 6015 7415 6715 3565 8815 8115 2165 6365 2515 3915 765 2865 4265 5665 9865 1815 4615 415 1115 65 4965 8465
28 3039 6889 2339 589 1639 7239 939 4089 9339 2689 8289 9689 7939 239 8989 7589 8639 5839 3389 6539 5139 4439 3739 1989 5489 6189 4789 1289
28 5500 6200 2000 2350 3050 1300 5850 250 9350 6550 7950 4100 1650 600 8650 3400 4800 5150 2700 8300 6900 9000 3750 7250 7600 4450 950 9700
29 1204 2954 854 2604 1554 8204 504 1904 4004 9954 3654 8904 3304 9254 5404 6454 6104 4704 5754 7504 154 8554 7154 5054 4354 7854 6804 2254 9604
29 9997 5097 2297 4397 6497 1247 1597 3347 5797 6847 4047 2647 6147 8597 9297 5447 9647 8947 2997 7547 897 7197 7897 197 1947 8247 547 3697 4747
29 457 2557 6407 9907 4307 6057 107 2207 4657 8857 8507 9207 6757 1507 5357 807 1157 8157 3257 1857 9557 7457 7807 7107 3607 2907 3957 5007 5707
28 7329 9079 4529 7679 5229 2429 3479 679 6979 4179 5579 1029 6629 3129 8029 9779 8379 4879 9429 1379 1729 5929 329 8729 2079 2779 3829 6279
29 1179 479 6779 9229 4679 6429 3629 1879 5379 8529 6079 7829 7129 2229 2929 9929 7479 829 129 2579 1529 8179 9579 5729 3979 3279 5029 8879 4329
28 7277 6227 9727 8327 627 9027 1677 5177 2027 3427 3777 8677 4127 6927 4477 2727 3077 7627 2377 9377 7977 6577 5527 4827 1327 5877 277 977
28 2672 7222 5472 7922 9322 3722 7572 572 6522 2322 5822 6872 1622 1972 9672 5122 922 4072 1272 8972 222 3372 4772 3022 8622 8272 4422 6172
28 5555 9755 2755 3455 6255 9055 8005 3105 2055 7305 5905 305 4855 8355 3805 5205 9405 8705 6605 1355 4155 1005 4505 2405 1705 6955 655 7655
29 2234 2584 8184 9584 8884 134 484 3984 6084 5384 4334 4684 7484 6434 3284 8534 7834 834 1884 5034 9234 1534 2934 6784 9934 5734 1184 7134 3634
28 3448 8698 1348 5898 7648 2048 2748 648 6948 1698 3798 5198 7298 8348 998 4148 4498 9048 298 4848 7998 6248 3098 2398 5548 9398 9748 6598
28 3025 5475 8625 1275 7575 5125 9675 925 7925 2325 225 4425 2675 6175 9325 8975 5825 1625 7225 6875 6525 8275 3725 4075 1975 575 4775 3375
29 2452 1752 352 5952 702 2 8052 6652 2802 7352 1402 8752 3502 7702 3152 1052 4902 6302 5252 4202 3852 5602 9102 2102 7002 9452 4552 8402 9802
28 1666 3766 4466 9366 5516 5166 6566 4116 266 8316 3416 8666 9716 9016 5866 2366 7266 4816 3066 7616 6916 616 1316 2716 7966 966 2016 6216
28 7590 9340 6190 6890 590 3040 7240 5490 1290 9690 4440 5840 3390 4090 6540 8990 3740 1640 2690 7940 5140 2340 4790 240 940 8640 8290 1990
29 5679 3929 6729 3579 429 4279 8829 779 4629 6379 2179 3229 9529 5329 7429 9179 1829 7779 8129 7079 9879 1129 2529 4979 1479 79 6029 2879 8479
29 1566 3316 8566 7516 9966 2966 4716 5066 5416 6816 7866 2266 5766 866 9616 6466 1216 9266 4016 3666 6116 4366 516 7166 166 8916 2616 1916 8216
29 5634 1434 5984 3534 8434 34 7384 9484 1784 734 384 6684 4934 2484 6334 3884 3184 1084 9834 4234 7034 7734 8084 4584 9134 2834 8784 5284 2134
29 8561 7511 6461 7161 9961 8911 2961 8211 161 5411 6811 5761 9261 861 4011 6111 9611 5061 4711 1561 2261 3661 3311 7861 1211 511 2611 1911 4361
28 4804 8654 4104 6554 4454 1304 9704 954 5854 2004 2354 3054 5504 2704 604 6904 254 6204 1654 5154 3754 8304 7254 7954 9004 7604 3404 9354
28 558 1608 4408 208 908 8958 1258 4758 9658 9308 8258 5108 6508 5808 7558 2658 7208 8608 5458 3358 6158 6858 1958 2308 4058 3008 7908 3708
29 4661 9211 3611 9561 811 4311 6411 7111 111 8511 1861 7811 8861 3961 1511 1161 461 3261 9911 8161 5011 7461 6761 2211 5711 2911 5361 2561 6061
28 691 4891 3491 2091 5241 9791 5941 9441 7691 8741 8391 6291 9091 6991 1391 4191 4541 8041 1741 6641 1041 3841 3141 2441 5591 341 2791 7341
29 2922 8172 4322 7822 3972 8872 5022 3272 4672 472 1872 7472 7122 822 1172 9222 3622 6772 6072 9922 122 5722 2222 9572 8522 2572 5372 1522 6422
29 2993 3693 6493 2293 7543 4393 1593 1243 8593 893 5793 8943 9993 2643 6143 5093 4743 7893 5443 3343 193 4043 7193 543 8243 1943 9293 9643 6843
29 8544 9594 7494 144 2244 6444 7144 6794 5744 4694 3644 1194 8894 4344 1544 2944 844 7844 1894 494 5394 9944 3294 3994 9244 6094 2594 5044 8194
29 8097 7047 2847 8447 6347 7397 8797 747 5997 2147 397 9147 4597 4247 1797 6697 5297 5647 9497 1097 3897 1447 3547 47 4947 3197 9847 7747 2497
29 3562 2512 1462 8462 62 7412 8812 5312 3912 3212 7062 4262 9862 4612 412 6362 5662 762 6712 9162 7762 9512 2162 1112 8112 1812 2862 6012 4962
28 4494 994 4144 294 2394 1344 9394 6244 2744 9044 6944 1694 3794 4844 644 2044 5894 3094 6594 7994 5194 5544 9744 8344 7644 7294 3444 8694
29 5967 9117 1067 3867 4217 4917 1417 9817 7367 4567 8417 9467 1767 3167 8067 2817 367 17 5617 5267 8767 7017 2117 6317 7717 717 6667 2467 3517
28 2381 9031 6931 281 4481 6231 5881 3781 5181 1681 8681 7981 4831 3431 6581 9381 981 5531 631 8331 1331 3081 7281 2731 7631 2031 9731 4131
29 7849 4349 5049 2599 8549 7149 9599 6099 499 3299 1549 9949 5749 1899 6449 8899 9249 2949 7499 5399 8199 3999 6799 149 3649 4699 2249 849 1199
29 9194 7794 94 4994 8494 6744 794 2194 5694 8144 8844 1144 4294 6044 3944 1494 3594 444 3244 6394 1844 7444 7094 5344 9894 2544 9544 4644 2894
28 8026 3476 3126 676 9076 5226 8726 6276 2426 6976 2076 1726 7676 1376 9776 9426 326 4876 1026 5576 4176 8376 2776 5926 6626 3826 4526 7326
28 962 1312 612 2012 3762 3412 6912 6212 9362 5512 6562 5862 9012 5162 7612 7962 1662 9712 4112 4812 7262 2362 8312 8662 4462 262 2712 3062
28 8709 1359 5209 6959 7309 659 309 1009 2409 9059 6609 1709 5909 2759 9409 4509 3109 4159 3809 6259 4859 8359 7659 3459 9759 5559 2059 8009
29 2849 8099 4949 3899 49 6699 4249 5999 2499 9149 9499 1799 4599 3199 5299 3549 6349 7749 8449 9849 5649 399 1449 749 7399 1099 7049 8799 2149
29 3216 4616 1466 766 9166 416 1816 4966 7416 2166 6016 8466 7766 4266 6716 66 8116 3916 9516 1116 3566 5316 6366 2866 2516 9866 7066 8816 5666
29 8598 4398 5798 2648 8948 548 3698 5448 2298 3348 9648 4048 1248 2998 1948 8248 198 4748 1598 7898 5098 9998 7548 7198 9298 6848 898 6498 6148
29 526 1926 7176 6826 7526 3326 7876 4726 1226 9976 2276 4376 5426 8926 5076 9276 8226 6476 9626 176 6126 3676 876 5776 8576 1576 2626 2976 4026
29 3681 3331 6481 8581 2281 4031 5781 9281 881 7531 8931 8231 2981 2631 5081 7881 9981 7181 1581 1231 1931 5431 4731 6131 6831 9631 181 4381 531
28 1030 8730 6980 330 2430 1380 6280 4530 5580 3830 3480 1730 4880 7680 3130 6630 7330 9780 2780 2080 4180 680 5230 9430 8380 8030 9080 5930
29 1415 7015 8415 5965 2815 9115 8765 7715 15 365 3865 715 9815 3515 4565 2465 4215 6665 5265 7365 6315 9465 1065 8065 3165 2115 5615 1765 4915
29 476 5726 8526 8176 5376 8876 1526 1176 2576 6426 7126 4676 5026 1876 2226 3276 7476 3976 7826 9226 9926 3626 826 4326 6076 2926 9576 6776 126
28 1387 7337 687 9787 1037 5237 1737 4887 8737 5587 9437 3487 9087 6287 337 3137 3837 2087 4187 6987 2787 4537 7687 2437 5937 6637 8037 8387
29 6330 2830 7030 8080 7380 9130 1080 1430 380 4930 3180 30 8780 4230 9830 2130 1780 3880 5980 9480 5630 8430 7730 730 4580 5280 6680 3530 2480
28 9435 1035 2785 6635 7335 4535 9785 5585 2085 6985 1735 2435 4185 685 4885 5935 5235 3835 8035 335 9085 3485 6285 7685 8735 3135 1385 8385
29 2603 8903 2253 1203 4703 8553 5053 4003 5403 7503 3303 1553 153 7853 6453 1903 853 6803 5753 9603 6103 2953 9953 8203 9253 3653 4353 503 7153
29 3160 5260 3860 1060 9460 1410 4560 4910 1760 5610 8410 360 8760 9110 6310 710 9810 2110 2460 7710 4210 10 7360 3510 6660 8060 5960 2810 7010
29 6021 8121 7421 3921 421 8471 5671 771 4621 1821 1121 7071 7771 9871 8821 71 6721 2171 3571 2521 1471 9521 9171 2871 5321 3221 4971 4271 6371
29 1574 1924 3324 874 6474 9974 8924 5424 174 4724 2274 2624 5074 6824 9274 8224 4374 3674 9624 1224 6124 524 2974 7874 4024 7524 5774 8574 7174
28 6613 9413 7313 5213 663 313 3813 4163 8013 6263 2763 5913 7663 2413 9763 3463 8713 1713 6963 1013 3113 4513 4863 5563 9063 8363 2063 1363
29 9942 1192 6092 9592 3992 3292 7842 9242 1542 2242 5742 4692 7142 8892 1892 492 842 6792 2592 142 4342 8192 8542 2942 6442 5042 5392 3642 7492
29 42 9492 7042 1442 7742 4942 8442 7392 3192 2142 1792 392 9842 1092 3892 5292 2842 6692 5642 2492 742 9142 6342 4242 5992 3542 8792 4592 8092
28 1999 8299 5149 4099 9699 7249 949 3049 5499 1299 8649 4799 2699 7949 249 8999 599 6199 1649 6549 7599 3749 4449 6899 5849 2349 9349 3399
28 8980 5130 2330 7230 3380 930 2680 7580 230 1980 5480 1630 5830 4430 1280 3730 580 8630 4080 6530 6180 4780 6880 8280 9680 7930 3030 9330
29 2198 7448 1148 3598 7798 6748 5348 4298 9898 8848 9548 798 2548 1498 6398 8148 6048 8498 1848 4648 3248 2898 7098 9198 3948 448 4998 5698 98
29 3236 436 5336 2186 7436 4286 4636 7086 6036 2536 9186 1836 8486 6386 4986 86 2886 6736 7786 786 8136 9536 3586 8836 5686 9886 3936 1486 1136
28 4052 2652 6152 552 8952 7552 3702 5102 9302 902 7202 5802 1602 8602 4402 1952 6502 4752 1252 6852 5452 3002 7902 9652 8252 2302 3352 202
28 8267 5467 4067 3367 1267 5117 6167 9317 8617 8967 567 5817 4417 917 7217 3017 1617 2317 217 7567 6517 9667 2667 3717 6867 1967 4767 7917
29 5703 4303 8503 3953 6753 5353 9203 8153 3603 2903 1853 7803 6403 803 9553 5003 3253 7103 4653 1153 8853 2553 9903 6053 7453 2203 453 103 1503
28 7318 2418 2768 3118 7668 6618 8368 5218 1368 8718 5568 6268 2068 4168 9068 318 6968 4868 668 1018 1718 8018 5918 4518 3468 9768 9418 3818
29 2139 389 4239 9139 8439 9489 5639 2489 4589 739 1089 8089 9839 7039 39 5289 7739 3889 1439 1789 5989 6689 2839 3539 4939 3189 7389 8789 6339
28 9053 7653 6603 5903 4503 8003 5553 653 2053 3103 9753 3803 2403 4153 3453 1003 6253 1353 2753 6953 303 4853 8703 5203 1703 7303 8353 9403
29 9475 3875 1425 375 9825 7375 4575 5975 6675 2825 8775 7025 4925 3175 7725 3525 2125 2475 8425 1075 9125 5625 4225 1775 725 8075 25 6325 5275
28 4107 957 6557 8657 4807 3757 7957 7607 5857 5157 1657 4457 2707 1307 257 7257 3407 9007 9707 9357 607 6907 3057 2357 5507 8307 2007 6207
29 5057 2607 8207 9957 9257 1907 5757 5407 1207 1557 8907 7157 6457 157 3657 6807 507 4357 7507 4007 6107 8557 3307 7857 857 2257 4707 2957 9607
29 2635 9635 6485 7185 5435 3335 185 8235 4385 1585 1935 3685 4035 535 9985 7535 885 5785 5085 2285 9285 8935 4735 8585 2985 7885 1235 6135 6835
29 2854 404 5654 2154 9504 1804 8454 7054 3904 9854 1104 5304 54 6354 7404 3204 8804 4604 6004 8104 7754 754 1454 6704 4954 4254 3554 2504 9154
29 2563 9213 9913 8513 1863 5713 813 4313 1163 2913 6763 6063 3963 5013 7813 3263 463 4663 1513 8863 5363 7113 8163 3613 113 7463 9563 2213 6413
29 8220 170 1220 7870 8920 6470 4370 9270 3320 5070 9970 6820 5420 3670 4720 5770 1920 2970 2270 6120 7170 8570 520 1570 9620 7520 4020 870 2620
29 7138 138 3288 5388 4338 7488 9238 2238 1888 7838 8538 1188 838 9588 6438 5038 3638 6788 488 9938 8888 2588 8188 1538 4688 2938 3988 6088 5738
29 2822 9822 4922 1772 2472 3172 1422 6322 8072 7022 22 6672 2122 5972 8422 9122 5622 5272 4572 7372 1072 9472 8772 372 4222 3522 3872 7722 722
29 8057 8407 1407 7707 357 6657 9107 9457 2457 3507 7007 4207 1057 8757 4557 5957 7357 6307 9807 1757 7 707 5607 4907 3157 2807 5257 3857 2107
29 4974 1824 5324 2874 2524 6374 1124 9874 74 8824 6024 8124 3574 6724 2174 9174 424 774 3924 8474 4624 3224 7074 9524 1474 4274 7424 5674 7774
28 7639 8339 5889 1339 9039 289 1689 3439 2039 8689 5189 4489 2389 9739 7989 9389 989 639 2739 4139 4839 5539 6939 3089 6589 3789 6239 7289
29 3968 9568 4318 3618 3268 2218 5368 2918 8518 7468 468 1168 5018 9218 7118 6418 5718 8168 6768 2568 8868 4668 118 7818 818 1518 6068 9918 1868
29 9157 1807 4957 4607 3907 3557 5307 6007 6357 7407 9857 6707 2857 8807 57 1457 7757 9507 407 8107 8457 7057 757 1107 5657 3207 4257 2157 2507
28 7584 934 3384 5134 4784 4084 8634 2334 8284 584 5834 3034 9334 234 4434 5484 6884 2684 8984 1284 1984 9684 6534 1634 3734 6184 7934 7234
28 7245 8995 9695 4795 3745 8645 4095 245 6895 6545 8295 2695 1645 595 5495 9345 6195 3395 945 7945 4445 5145 7595 1995 3045 2345 1295 5845
28 1956 906 5456 8256 1256 6856 7906 2656 5106 3356 8956 6156 7556 4756 1606 7206 5806 4406 4056 9656 206 9306 3706 8606 6506 556 2306 3006
28 9371 271 5171 7621 9721 971 6221 2021 1671 1321 3771 4471 7271 9021 8321 8671 6571 5871 7971 4121 5521 2721 621 6921 3421 2371 3071 4821
28 3145 9445 2795 5595 5245 7695 8745 1745 9095 4195 3845 6995 5945 9795 6295 4545 7345 1395 1045 345 3495 2445 6645 695 8045 2095 4895 8395
29 3581 7781 1831 8481 81 6731 1131 8831 2531 9531 431 8131 4281 781 7431 7081 3231 2181 5331 6381 6031 1481 9181 9881 4631 4981 2881 3931 5681
28 3363 5113 563 8613 2313 8263 6163 4413 7213 8963 213 1963 1613 3013 2663 7563 5463 6863 4763 913 9663 7913 9313 3713 5813 1263 6513 4063
28 286 5886 7636 6936 2736 7986 2036 7286 4486 6236 3086 6586 636 4136 8686 986 9736 3786 8336 4836 1336 5186 9386 9036 1686 5536 2386 3436
29 2600 850 5400 3300 4350 150 2950 6800 9250 7150 6450 8550 6100 4700 8200 3650 7500 8900 500 5750 1200 4000 9950 1900 2250 1550 5050 7850 9600
28 6599 9049 3099 2399 8699 2049 7299 8349 1349 3449 999 3799 4149 5199 649 7999 299 5899 6249 9749 4499 6949 1699 4849 9399 5549 2749 7649
28 2414 9764 8364 1364 314 5564 5914 1014 8714 4514 3114 2064 4864 7664 3464 9414 664 5214 3814 4164 7314 6964 2764 8014 1714 9064 6264 6614
29 1785 4935 7735 8085 2135 35 385 9485 3185 2835 9835 1435 1085 8435 9135 7035 7385 3535 2485 3885 6685 8785 735 6335 5985 5285 5635 4585 4235
29 6117 4717 7867 9967 1217 167 3667 1917 6817 4017 9267 8917 5417 3317 2967 2617 5767 5067 7167 9617 1567 8217 867 6467 7517 8567 4367 517 2267
28 2711 9361 7611 5511 961 6211 3411 5861 261 2011 8661 1661 3061 611 9011 7961 9711 3761 2361 1311 6911 4811 7261 5161 4461 6561 4111 8311
29 8545 3295 6445 7845 1895 6795 5045 2595 1545 5395 9595 2245 2945 1195 7495 495 5745 6095 9245 7145 9945 3995 8895 4695 8195 145 3645 4345 845
29 3179 1779 9129 2479 1429 2129 7379 4229 6329 4929 4579 5279 3879 729 379 8429 5979 9479 29 8079 6679 5629 8779 7029 1079 7729 9829 2829 3529
29 8450 2150 750 9850 1100 9150 6000 4250 4950 400 9500 7400 2500 6350 7750 1450 8800 3550 3900 6700 3200 50 5300 1800 8100 7050 5650 4600 2850
29 7539 3339 1239 4739 9989 8239 5439 2289 9289 2989 1589 8939 189 539 7889 7189 4389 6839 2639 9639 5089 3689 6489 6139 4039 889 1939 5789 8589
29 8232 9282 182 6482 9632 3682 5082 3332 1932 532 4032 4732 4382 7532 5782 2632 7882 2982 1582 6132 7182 1232 2282 6832 882 8582 5432 8932 9982
29 6668 4568 1768 3518 5968 8418 2468 9818 718 6318 2818 4218 9118 1418 4918 1068 7018 5268 2118 9468 18 8068 3168 5618 368 3868 8768 7718 7368
28 4122 3772 6922 5522 1322 4472 8322 6572 2722 4822 972 9372 2372 7622 2022 272 5172 622 9722 5872 9022 7972 8672 6222 3072 1672 3422 7272
28 654 9054 3104 1704 9754 304 3804 1004 1354 8004 7304 5904 4504 6954 3454 2404 5554 2754 6604 4854 8704 4154 8354 6254 2054 7654 5204 9404
28 1959 3709 4759 6509 5109 3009 8609 6859 209 1609 1259 7209 9309 909 559 7909 9659 4059 2309 3359 8259 4409 5459 5809 6159 8959 7559 2659
28 8725 6975 9075 6275 1025 4175 2775 8375 675 5925 7675 1725 9425 8025 3825 4525 2425 325 3125 7325 3475 9775 5225 5575 1375 2075 4875 6625
29 6056 3256 6756 2906 5706 456 106 8506 4306 3606 9906 6406 1856 5006 5356 2206 4656 1156 8156 8856 9206 1506 7106 806 3956 2556 7806 9556 7456
28 9688 6888 4088 238 4788 5138 6538 9338 8638 5838 3388 8988 6188 1988 5488 7588 7238 938 8288 4438 588 3738 2688 1288 7938 1638 3038 2338
28 1641 6891 4091 3391 8991 941 3741 8641 6191 7941 2341 7591 241 5841 8291 1291 591 4441 7241 9341 5141 9691 6541 2691 3041 5491 1991 4791
29 3153 1753 2803 3503 8053 1053 3 4553 4903 703 9803 5253 7703 5603 353 9453 3853 6653 9103 1403 7353 2453 7003 8403 4203 6303 5953 8753 2103
28 7643 993 9743 8693 3443 9393 7993 1693 9043 2743 643 2043 4843 4493 4143 5893 1343 3093 3793 6243 7293 293 6593 2393 6943 8343 5543 5193
29 9925 6425 7475 8875 1175 3275 3625 1525 4325 9575 3975 125 475 2225 6075 8175 6775 8525 7825 4675 2575 9225 5025 7125 5725 5375 2925 1875 825
29 835 6785 8885 7485 9585 9235 7835 135 7135 5035 2935 6085 3635 2235 8185 1885 9935 1535 4335 5385 5735 485 8535 3985 6435 2585 4685 3285 1185
28 2440 9440 2090 1040 8740 6640 5940 1390 9790 1740 6990 690 4190 8040 9090 3490 7340 2790 8390 5590 3140 6290 3840 340 4890 4540 5240 7690
28 4467 2717 3417 4817 5867 5167 4117 6567 1317 7267 2017 9367 1667 3067 8667 9717 9017 967 267 6917 7967 7617 617 8317 6217 2367 5517 3767
29 78 8128 4628 4278 8478 8828 7078 9178 3228 2178 778 6378 1128 2878 6728 428 7778 1828 3928 9528 7428 1478 5328 3578 9878 5678 6028 2528 4978
29 544 5794 7894 3694 6844 8594 2644 4394 1944 4044 9994 194 8944 1244 3344 6494 9294 5444 9644 5094 6144 4744 2294 894 1594 7544 8244 7194 2994
29 9543 1143 7793 8143 443 5693 93 6393 3243 793 5343 8493 4293 1493 7443 2893 6743 2193 9893 8843 7093 6043 2543 3593 1843 9193 4993 3943 4643
28 3782 5532 9732 7982 9382 5182 6582 7282 2382 4132 8332 2032 982 4482 3432 6232 7632 1332 632 2732 9032 1682 5882 6932 8682 282 4832 3082
28 681 3831 7331 4181 8381 9781 3481 3131 331 9081 5581 7681 8031 5931 2081 1381 6281 1031 1731 6981 6631 4531 5231 8731 2431 4881 2781 9431
29 6430 5030 3630 9930 130 8530 2930 2230 3280 1880 7830 6780 7130 1530 5730 830 2580 9230 1180 4330 3980 6080 7480 5380 480 8880 4680 9580 8180
29 746 2146 4246 2496 5296 7046 2846 1096 3546 1796 8446 8796 6696 3896 5646 4946 4596 9846 46 6346 9146 9496 5996 3196 7396 7746 396 1446 8096
29 1764 9814 7014 6664 4214 3164 1414 1064 5964 4564 4914 9464 2114 3514 2464 14 8764 8414 5614 6314 8064 364 5264 9114 3864 7714 714 2814 7364
29 6812 5062 862 3312 9612 1562 6112 8912 5412 8562 2262 512 6462 3662 9262 8212 162 5762 7862 1912 4362 4012 7512 2612 2962 9962 1212 4712 7162
29 4049 1599 2649 8949 899 8249 199 6849 7549 4749 1249 9299 7199 8599 9999 2299 5799 4399 549 5099 1949 5449 9649 3699 6499 2999 3349 6149 7899
29 4967 1817 2517 417 2167 3917 2867 7767 67 6367 1467 4617 3567 1117 9867 8817 7067 3217 767 8467 9167 4267 6717 8117 9517 5667 5317 6017 7417
29 9861 1111 4611 3911 61 7061 8111 6361 2161 2511 6711 7761 5311 5661 1461 3211 8461 4261 9511 761 2861 3561 1811 8811 6011 4961 7411 9161 411
29 5777 1577 8927 8227 5077 9627 7177 4377 8577 177 527 7877 2977 877 5427 3677 4727 1927 4027 3327 6827 6127 2277 6477 9977 9277 2627 1227 7527
28 5876 3076 626 276 7976 4476 4126 5176 1326 1676 9376 7276 6226 7626 2026 9726 3776 2726 4826 976 9026 8676 8326 6926 3426 2376 5526 6576
29 9189 4989 7439 89 1139 4639 6389 1839 789 4289 9889 2539 5689 1489 8489 3939 2889 8139 6039 6739 8839 5339 9539 3239 439 7089 2189 7789 3589
29 810 4660 3260 1860 460 6410 3610 5360 1160 7110 5010 110 9910 6060 2560 8860 9560 4310 3960 2910 6760 1510 2210 9210 5710 8160 8510 7810 7460
28 8653 5503 4803 5153 7253 2003 2353 7603 6553 9703 1303 603 7953 3753 4103 4453 8303 5853 3053 6903 9353 253 2703 6203 9003 953 3403 1653
28 7576 5476 1976 5826 6876 1276 5126 4076 926 576 8976 6176 3026 4776 9326 2326 8276 3376 226 6526 8626 9676 2676 7226 3726 4426 1626 7926
28 671 1021 3471 2771 6971 3821 4521 7671 2071 9771 1371 8721 3121 8371 7321 1721 9421 6621 8021 2421 5221 5571 321 9071 6271 4871 4171 5921
28 1386 2086 8386 336 1036 4186 3836 3486 6286 8036 9436 7336 686 3136 1736 5236 4886 7686 4536 9086 6636 6986 8736 5936 5586 9786 2786 2436
29 2921 5371 4671 5721 6421 2221 1521 9571 1871 9921 3271 8871 1171 3971 471 4321 8171 3621 7821 6071 8521 6771 821 9221 121 7121 2571 5021 7471
29 7782 2182 4632 6032 3932 6382 3582 432 82 5682 4282 9182 1132 7082 8832 7432 5332 8482 782 1482 2882 1832 9532 4982 2532 8132 6732 9882 3232
28 2758 9058 5908 6258 9408 2058 4858 308 4158 8358 1708 8008 2408 7308 1358 3108 3458 6958 9758 4508 658 6608 1008 7658 5558 8708 3808 5208
28 4764 7914 6864 1614 1964 2664 1264 8264 9314 3364 4064 9664 564 2314 914 5114 4414 214 7564 8614 5464 3714 6514 5814 3014 7214 8964 6164
28 4071 9321 1271 8971 6871 571 221 5821 1971 5121 6171 3721 1621 2671 8621 4421 6521 7221 9671 2321 3371 8271 7571 921 5471 7921 4771 3021
28 5831 7581 931 1631 3731 8281 2331 7931 6531 4431 4081 231 9681 7231 5131 3031 4781 9331 1281 1981 581 6181 8981 6881 5481 3381 8631 2681
29 3249 8849 7449 5349 1499 9899 9549 6049 3949 1149 1849 8499 5699 799 6749 8149 6399 7099 2549 99 3599 449 2899 4299 4649 9199 2199 7799 4999
