21 4 7 134 171 261 198 44 254 207 298 197 73 139 199 223 264 115 229 143 94 247
35 34 108 85 164 75 148 162 127 137 285 107 125 156 79 128 102 40 217 121 202 68 157 109 147 101 201 287 112 155 59 182 176 288 1 52
30 99 212 299 161 260 193 105 267 166 122 111 243 258 191 190 235 83 138 291 255 238 196 250 289 142 71 30 132 165 130
6 66 97 135 69 49 153
26 88 8 286 246 15 19 213 245 232 230 239 185 271 163 76 10 98 16 242 104 252 126 47 37 240 189
15 180 58 18 57 224 188 39 32 174 158 209 5 215 256 211
16 116 80 133 210 227 226 244 64 26 236 170 195 6 90 55 141
6 45 280 120 186 194 270
11 167 203 218 129 91 89 78 154 297 206 173
29 87 103 259 159 13 92 74 144 53 281 172 222 295 27 86 177 160 23 42 119 292 67 228 100 231 279 278 151 175
21 168 275 41 62 276 136 187 277 214 28 146 82 268 11 22 48 283 25 31 106 183
12 216 0 296 249 290 282 241 204 61 237 131 152
11 263 117 70 81 124 181 35 43 293 208 149
1 257
24 54 294 273 63 21 113 96 29 284 3 114 140 248 20 265 266 12 17 251 262 233 272 169 2
27 184 110 72 24 220 95 150 225 56 38 60 200 14 50 253 269 93 118 205 219 51 145 192 178 9 77 274
